Train Time	Valid Time	Learning Rate	Train Loss	Valid Loss	Train Acc	Valid Acc	
7.634451	1.541739	0.500000	1.917227	110.463989	23.873239	14.778325	
3.466296	1.070721	0.500000	1.641167	39.116756	34.859155	14.778325	
3.664879	1.124171	0.500000	1.394737	10.784227	42.464789	15.270936	
3.492562	1.047735	0.500000	1.353858	7.281902	42.816901	15.763547	
3.396292	1.067665	0.500000	1.323098	7.299357	44.014084	19.211823	
3.281557	1.031157	0.500000	1.269997	11.122119	47.887324	20.689655	
3.385352	1.104499	0.500000	1.202725	5.843708	51.760563	24.137931	
3.189263	0.983680	0.500000	1.250469	6.724066	49.366197	27.093596	
3.213683	1.068298	0.500000	1.271118	2.420401	45.915493	37.931034	
3.341663	0.999727	0.500000	1.201880	2.672911	50.492958	29.064039	
3.347478	0.991698	0.500000	1.176598	2.601616	52.957746	33.497537	
3.230725	1.009772	0.500000	1.136240	4.437789	55.140845	32.019704	
3.247271	1.002779	0.500000	1.181199	9.294025	53.169014	17.241379	
3.422652	1.014666	0.500000	1.302107	10.231516	48.521127	15.270936	
3.465546	1.014489	0.500000	1.137423	7.891659	54.718310	19.211823	
3.278006	1.082664	0.500000	1.099416	2.841362	56.408451	27.093596	
3.359008	0.974350	0.500000	1.055150	1.740678	57.746479	43.349754	
3.148539	1.003886	0.500000	1.074760	1.204463	57.183099	53.201971	
3.217485	1.010497	0.500000	1.053460	1.563641	58.732394	39.901478	
3.371179	1.050370	0.500000	1.030269	3.072086	60.070423	39.408867	
3.208000	0.955177	0.500000	1.093092	1.537471	57.394366	38.916256	
3.183734	1.017636	0.500000	1.078674	1.708564	57.746479	42.364532	
3.152454	1.046772	0.500000	1.060951	2.472881	56.338028	21.182266	
3.572400	1.033250	0.500000	1.050725	1.606983	58.239437	46.798030	
3.267825	1.002719	0.500000	1.048249	1.393468	59.366197	41.379310	
3.375094	1.042322	0.500000	1.010999	1.881013	60.000000	41.871921	
3.302064	1.010943	0.500000	1.040714	1.928756	59.366197	42.364532	
3.414220	1.046814	0.500000	1.013960	2.156496	61.267606	34.975369	
3.215017	1.022283	0.500000	0.982707	1.399074	61.056338	41.379310	
3.253128	0.987288	0.500000	1.019625	1.134367	59.436620	57.142857	
3.219357	1.041410	0.500000	0.998456	1.161509	59.859155	58.620690	
3.327396	1.045169	0.500000	0.984538	0.997007	61.690141	57.635468	
3.336622	1.057373	0.500000	0.985652	1.626078	60.985915	48.768473	
3.374506	1.031822	0.500000	1.016223	1.163911	61.267606	49.753695	
3.154244	0.982799	0.500000	0.961908	1.150298	63.661972	52.216749	
3.288563	1.014050	0.500000	0.987025	1.938209	62.464789	33.497537	
3.191900	0.967443	0.500000	0.951054	1.187364	62.183099	57.635468	
3.217885	0.964550	0.500000	0.944125	2.000352	63.591549	47.783251	
3.224718	0.997492	0.500000	0.936786	1.201437	63.169014	46.305419	
3.181391	1.055355	0.500000	0.964766	1.458595	63.309859	51.231527	
3.194392	1.010711	0.500000	0.935067	0.953706	63.450704	65.517241	
3.394863	0.954226	0.500000	0.941813	1.532368	62.535211	42.857143	
3.344734	0.936305	0.500000	0.908019	1.306515	64.154930	51.724138	
3.114544	1.029457	0.500000	0.947163	1.385744	62.676056	55.665025	
3.251128	0.998879	0.500000	0.891099	1.593377	65.422535	45.812808	
3.158791	0.987682	0.500000	0.909156	2.111091	65.492958	40.394089	
3.166982	1.034189	0.500000	0.894812	1.003201	65.704225	68.965517	
3.449325	1.022539	0.500000	0.886275	0.978350	66.478873	64.039409	
3.202412	1.101715	0.500000	0.880726	3.065742	65.140845	44.827586	
3.493332	0.967420	0.500000	0.971259	1.561695	64.225352	45.812808	
3.261274	1.016183	0.500000	0.919355	0.978012	65.915493	61.083744	
3.484234	0.957477	0.500000	0.896541	1.356180	67.394366	56.157636	
3.179861	0.996429	0.500000	0.857941	0.965069	67.112676	64.039409	
3.202534	1.021782	0.500000	0.860927	1.006139	66.619718	65.517241	
3.164293	1.013114	0.500000	0.874449	1.728499	67.535211	51.724138	
3.069679	1.102221	0.500000	0.918524	1.172013	65.000000	56.157635	
3.318245	1.028201	0.500000	0.917949	0.971574	65.352113	60.098522	
3.380233	1.002789	0.500000	0.870097	0.960868	66.971831	66.009852	
3.164052	1.011451	0.500000	0.861055	2.555410	67.394366	39.901478	
3.284041	0.979318	0.500000	0.867154	1.260015	67.253521	62.068966	
3.262643	0.985373	0.500000	0.951052	1.996592	65.845070	37.931034	
3.123468	0.973367	0.500000	0.869518	1.278536	66.971831	52.709360	
3.092655	0.964200	0.500000	0.832740	1.317160	68.380282	58.128079	
3.266488	1.039518	0.500000	0.843429	0.947669	68.169014	63.054187	
3.314843	1.016868	0.500000	0.833434	1.277694	68.661972	54.679803	
3.346574	1.018153	0.500000	0.780694	1.292237	71.056338	55.172414	
3.303116	0.982733	0.500000	0.807959	1.001015	70.422535	66.995074	
3.345231	1.035307	0.500000	0.804330	0.947419	70.000000	61.576355	
3.284338	1.019255	0.500000	0.796345	1.134131	70.422535	61.576355	
3.264716	1.046956	0.500000	0.799048	1.351274	70.422535	66.502463	
3.199859	0.978663	0.500000	0.841529	0.829667	69.647887	64.039409	
3.221786	0.975162	0.500000	0.788056	0.790318	70.704225	66.502463	
3.067708	1.002446	0.500000	0.838648	0.706033	69.929577	75.369458	
3.256445	1.040864	0.500000	0.782865	1.234934	70.774648	56.157636	
3.139967	0.988319	0.500000	0.808920	0.813569	69.929577	69.950739	
3.261326	1.066533	0.500000	0.780300	0.784503	70.422535	76.354680	
3.508278	1.075458	0.500000	0.771276	0.738073	71.338028	70.443350	
3.706008	1.156097	0.500000	0.764662	0.825169	71.830986	63.054187	
3.643991	1.135829	0.500000	0.748364	0.973461	73.732394	65.024631	
3.446987	0.998717	0.500000	0.751447	0.799191	72.253521	67.487685	
3.180283	1.023164	0.500000	0.742932	2.407532	71.690141	54.679803	
3.353090	1.151617	0.500000	0.771160	0.912462	72.042254	67.487685	
3.373159	1.141531	0.500000	0.716910	1.101251	73.169014	61.083744	
3.267464	0.987831	0.500000	0.754406	1.015834	73.380282	57.635468	
3.076905	0.976940	0.500000	0.785619	0.865419	70.704225	66.502463	
3.177044	0.987864	0.500000	0.786348	1.494853	71.126761	59.605911	
3.108941	0.988961	0.500000	0.744149	1.010934	72.887324	68.965517	
3.331139	1.082028	0.500000	0.760345	1.029917	72.394366	61.083744	
3.415172	0.940367	0.500000	0.730240	0.819662	72.887324	66.009852	
3.168029	0.957734	0.500000	0.741680	1.067643	72.676056	66.009852	
3.165653	0.957741	0.500000	0.711712	1.124485	73.028169	54.187192	
3.139750	0.963122	0.500000	0.740131	1.302256	73.380282	55.172414	
3.182503	0.969078	0.500000	0.851944	1.336290	68.239437	60.098522	
3.092185	0.971005	0.500000	0.774276	1.021916	72.183099	60.591133	
3.252308	1.012491	0.500000	0.736001	0.886980	73.873239	66.009852	
3.357143	1.075594	0.500000	0.714316	0.671465	72.957746	75.862069	
3.127608	0.991317	0.500000	0.674239	0.695975	73.521127	75.369458	
3.158165	0.981490	0.500000	0.696667	0.776223	75.000000	70.935961	
3.196496	1.002697	0.500000	0.681228	1.149130	75.140845	60.591133	
3.195930	0.962702	0.500000	0.643257	1.158685	75.352113	58.128079	
3.116256	0.964425	0.500000	0.919009	1.414332	66.126761	49.753695	
3.174513	1.005840	0.500000	0.837440	1.061453	70.140845	64.532020	
3.150580	0.975347	0.500000	0.768232	1.038901	71.408451	66.009852	
3.281441	0.991563	0.500000	0.740346	0.908232	73.450704	66.009852	
3.313446	1.025258	0.500000	0.701543	1.386745	75.492958	60.591133	
3.402343	0.982764	0.500000	0.697440	1.160927	74.507042	62.068966	
3.396117	1.009291	0.500000	0.673794	1.051011	76.056338	58.620690	
3.489724	0.992415	0.500000	0.713312	0.990622	74.014084	63.546798	
3.197034	1.007226	0.500000	0.759739	0.799940	72.746479	67.487685	
3.387704	0.995536	0.500000	0.705194	1.288139	74.366197	62.068966	
3.408375	1.107604	0.500000	0.728260	0.822280	74.436620	69.950739	
3.274341	0.956524	0.500000	0.688849	1.082975	74.647887	65.024631	
3.098236	1.013447	0.500000	0.699195	0.905783	73.661972	65.517241	
3.159966	1.032019	0.500000	0.710777	0.983404	73.521127	64.532020	
3.178285	0.984543	0.500000	0.695483	0.766610	75.140845	68.965517	
3.121117	0.965366	0.500000	0.640530	0.842683	76.267606	65.517241	
3.117528	0.975088	0.500000	0.622940	1.138113	76.619718	62.561576	
3.110261	1.012012	0.500000	0.790311	1.508712	72.535211	56.157635	
3.296659	0.987011	0.500000	0.780093	0.802635	72.464789	68.965517	
3.164552	0.990495	0.500000	0.677898	0.844740	75.563380	69.458128	
3.205040	1.018650	0.050000	0.642610	0.645602	76.408451	75.862069	
3.198665	1.030360	0.050000	0.598207	0.647263	78.028169	76.354680	
3.271466	1.070735	0.050000	0.581386	0.646846	80.352113	77.339902	
3.380521	1.007803	0.050000	0.584172	0.653069	79.225352	77.339902	
3.273363	0.978697	0.050000	0.555591	0.632769	80.915493	78.325123	
3.164570	0.967739	0.050000	0.556146	0.608788	80.070423	78.325123	
3.253838	0.991224	0.050000	0.560416	0.610058	80.211268	79.310345	
3.286572	1.008494	0.050000	0.545172	0.637400	79.084507	77.339902	
3.270895	0.994052	0.050000	0.541052	0.620023	80.563380	77.832512	
3.161936	0.971549	0.050000	0.521176	0.602300	80.704225	77.832512	
3.424642	1.089555	0.050000	0.507691	0.626074	81.830986	77.339902	
3.090771	0.993811	0.050000	0.524178	0.590326	81.267606	79.802956	
3.205692	1.022540	0.050000	0.504960	0.591574	82.394366	79.802956	
3.236568	0.957516	0.050000	0.526657	0.585886	81.971831	78.817734	
3.223337	0.984273	0.050000	0.505760	0.589173	82.112676	78.817734	
3.309384	1.103559	0.050000	0.494919	0.601946	82.394366	77.832512	
3.263273	0.973481	0.050000	0.514063	0.606285	81.901408	76.847291	
3.234085	0.930565	0.050000	0.507669	0.655782	81.126761	76.354680	
3.194965	1.036970	0.050000	0.480957	0.627944	83.239437	77.339902	
3.212173	1.105590	0.050000	0.485177	0.621404	82.323944	77.832512	
3.151825	1.004142	0.050000	0.489065	0.628868	82.957746	79.310345	
3.146867	1.017466	0.050000	0.485587	0.619064	82.676056	78.817734	
3.252905	1.085354	0.050000	0.490020	0.596352	82.464789	78.325123	
3.217258	1.023331	0.050000	0.497799	0.591632	81.971831	77.832512	
3.326407	1.093873	0.050000	0.476677	0.577826	82.605634	77.832512	
3.342916	1.017260	0.050000	0.487636	0.585881	82.253521	79.802956	
3.376720	0.982511	0.050000	0.502174	0.571087	82.323944	80.295566	
3.243481	1.028718	0.050000	0.487790	0.564292	81.901408	81.773399	
3.234283	0.972717	0.050000	0.480731	0.571787	82.887324	81.280788	
3.151556	1.025021	0.050000	0.480851	0.549449	82.535211	80.788177	
3.227125	0.979683	0.050000	0.474076	0.584282	82.887324	80.295567	
3.210163	1.083964	0.050000	0.477495	0.612766	82.253521	77.339902	
3.256189	1.008294	0.050000	0.477354	0.569449	82.535211	79.310345	
3.209977	1.047458	0.050000	0.457916	0.568826	83.450704	80.295567	
3.106342	0.950345	0.050000	0.464692	0.557797	83.450704	78.325123	
3.171510	0.939553	0.050000	0.467599	0.557424	82.957746	79.310345	
3.309424	1.028823	0.050000	0.455229	0.592547	83.943662	79.310345	
3.405888	1.037271	0.050000	0.465882	0.578076	82.394366	78.325123	
3.398026	1.114375	0.050000	0.486146	0.552517	82.676056	79.802956	
3.353256	1.007905	0.050000	0.449119	0.558034	84.295775	80.295567	
3.273335	1.007448	0.050000	0.435293	0.559217	83.591549	81.773399	
3.458324	1.063767	0.050000	0.442667	0.585869	83.802817	80.295566	
3.354560	1.013892	0.050000	0.453084	0.598356	82.957746	78.325123	
3.208055	1.009118	0.050000	0.444958	0.570050	83.732394	80.295567	
3.371527	1.019284	0.050000	0.445669	0.572798	83.873239	80.788177	
3.307103	1.013823	0.050000	0.457017	0.536305	83.661972	81.773399	
3.313671	1.042072	0.050000	0.441910	0.591553	83.028169	80.295567	
3.170372	0.984236	0.050000	0.450348	0.543950	84.577465	79.802956	
3.436752	1.021338	0.050000	0.452999	0.566531	83.380282	80.788177	
3.307199	0.983984	0.050000	0.442722	0.568846	84.295775	82.266010	
3.216432	1.034800	0.050000	0.444057	0.574528	84.436620	80.295567	
3.423066	0.983530	0.050000	0.450565	0.595110	83.380282	77.339901	
3.174880	1.018792	0.050000	0.431029	0.571220	85.000000	81.773399	
3.325855	1.019783	0.050000	0.435164	0.522643	84.718310	82.266010	
3.288241	0.993997	0.050000	0.440110	0.526123	83.380282	81.280788	
3.261950	1.038401	0.050000	0.437186	0.584352	84.577465	79.802956	
3.192235	0.975895	0.050000	0.435174	0.626335	84.366197	79.310345	
3.189044	0.947062	0.050000	0.419630	0.592789	84.929577	79.310345	
3.192248	1.020890	0.050000	0.434767	0.541916	84.859155	79.310345	
3.208081	0.977841	0.050000	0.429902	0.585624	84.929577	80.295567	
3.252382	0.991199	0.005000	0.416474	0.573416	85.352113	80.295567	
3.147634	0.964048	0.005000	0.411145	0.573738	85.211268	80.788177	
3.150372	0.996941	0.005000	0.410021	0.561135	84.577465	80.295567	
3.132617	0.983281	0.005000	0.409452	0.558194	84.647887	80.788177	
3.133013	1.112633	0.005000	0.407899	0.551293	85.070423	81.280788	
3.230644	1.042287	0.005000	0.412728	0.550910	85.000000	81.280788	
3.153179	1.074356	0.005000	0.428548	0.550579	84.507042	81.773399	
3.253582	1.012675	0.005000	0.397014	0.556250	85.704225	80.295567	
3.328026	0.987056	0.005000	0.409654	0.556169	85.000000	80.295567	
3.213593	1.010454	0.005000	0.418543	0.553364	84.507042	80.295567	
3.129469	1.114615	0.005000	0.412939	0.554051	84.929577	79.802956	
3.373819	0.978800	0.005000	0.417687	0.567583	84.084507	80.788177	
3.325052	0.986110	0.005000	0.408578	0.570930	85.211268	80.295567	
3.131126	0.976290	0.005000	0.408971	0.572032	85.070423	80.295567	
3.162736	1.155153	0.005000	0.440895	0.570886	84.507042	79.802956	
3.204981	0.991332	0.005000	0.415561	0.565850	85.140845	80.788177	
3.226698	1.020724	0.005000	0.407357	0.558078	86.126761	80.788177	
3.227242	0.999431	0.005000	0.411896	0.558895	84.507042	80.295567	
3.235803	0.991843	0.005000	0.405022	0.551205	85.000000	79.802956	
3.369492	1.024122	0.005000	0.415394	0.551168	85.704225	79.802956	
3.222778	0.996476	0.005000	0.411451	0.549366	85.845070	80.788177	
3.253795	1.069958	0.005000	0.411419	0.555627	86.619718	80.788177	
3.420558	0.998902	0.005000	0.404690	0.554523	85.211268	80.788177	
3.247097	0.987899	0.005000	0.402070	0.553013	86.126761	79.802956	
3.225029	0.943994	0.005000	0.418063	0.549090	85.633803	80.788177	
3.136050	0.970023	0.005000	0.415689	0.553092	85.070423	80.788177	
3.260892	1.078770	0.005000	0.400810	0.554704	86.197183	80.788177	
3.115917	0.962332	0.005000	0.415738	0.556638	84.859155	79.802956	
3.367819	0.956356	0.005000	0.418132	0.561279	85.070423	79.802956	
3.245620	1.010864	0.005000	0.415413	0.560803	84.647887	79.802956	
3.435759	1.052480	0.005000	0.419696	0.558780	85.070423	78.817734	
3.246006	0.956029	0.005000	0.399567	0.554871	85.422535	79.802956	
3.117001	1.009242	0.005000	0.425006	0.555937	84.929577	79.802956	
3.132127	0.949645	0.005000	0.404766	0.547977	85.211268	80.788177	
3.224102	1.071459	0.005000	0.404923	0.547886	85.704225	80.788177	
3.165940	0.953104	0.005000	0.405774	0.553383	85.211268	80.788177	
3.166142	1.040561	0.005000	0.401928	0.554782	85.985915	79.802956	
3.375845	1.025877	0.005000	0.401091	0.550613	84.647887	80.295567	
3.330842	0.963958	0.005000	0.407567	0.547252	85.352113	81.280788	
3.295626	1.024095	0.005000	0.411163	0.544632	85.211268	80.788177	
3.193044	1.092878	0.005000	0.395403	0.545052	85.704225	79.802956	
3.319852	1.071241	0.005000	0.392309	0.540830	85.774648	80.788177	
3.161949	0.953665	0.005000	0.407339	0.540596	85.563380	79.802956	
3.145789	0.962939	0.005000	0.401576	0.538893	86.549296	80.295567	
3.199212	0.955354	0.005000	0.391368	0.542024	85.000000	80.295567	
3.273524	1.147434	0.005000	0.415704	0.540476	85.000000	80.788177	
3.266294	1.042732	0.005000	0.382079	0.551457	85.915493	81.280788	
3.453835	0.977698	0.005000	0.405336	0.537885	85.140845	80.788177	
3.228701	0.976124	0.005000	0.420194	0.536370	85.352113	81.773399	
3.134924	0.944779	0.005000	0.415269	0.533454	84.929577	81.773399	
3.094611	0.987740	0.005000	0.403397	0.530365	85.422535	83.743842	
3.186618	1.002215	0.005000	0.393685	0.532967	85.704225	81.773399	
3.223467	0.979627	0.005000	0.385186	0.542800	86.408451	81.773399	
3.331943	1.020054	0.005000	0.396793	0.546689	84.647887	80.788177	
3.259985	0.950304	0.005000	0.419207	0.547237	85.563380	80.788177	
3.190110	0.991154	0.005000	0.374840	0.540886	86.478873	82.266010	
3.363644	1.008598	0.005000	0.403675	0.530717	85.352113	81.773399	
3.329217	1.121772	0.005000	0.397406	0.533431	85.704225	81.280788	
3.224131	1.017027	0.005000	0.419715	0.524967	85.633803	82.758621	
