Train Time	Valid Time	Learning Rate	Train Loss	Valid Loss	Train Acc	Valid Acc	
7.348543	1.465801	0.500000	2.016139	757.600938	24.577465	14.778325	
3.201205	1.154011	0.500000	1.587843	217.563649	34.788732	14.778325	
3.380888	1.083977	0.500000	1.548499	23.837005	35.845070	14.778325	
3.479787	1.057326	0.500000	1.448834	4.375007	42.605634	16.256158	
3.294245	1.034410	0.500000	1.375239	10.120040	45.000000	14.778325	
3.412107	0.979193	0.500000	1.315702	2.403072	43.239437	33.990148	
3.225174	0.988904	0.500000	1.259784	1.573036	47.816901	42.857143	
3.244210	1.034236	0.500000	1.222688	2.099091	50.915493	33.004926	
3.383491	1.032810	0.500000	1.200486	4.191384	51.971831	25.123153	
3.407474	1.156206	0.500000	1.125502	1.205151	56.056338	48.275862	
3.316859	1.011659	0.500000	1.163872	1.106633	55.140845	50.738916	
3.197294	1.029392	0.500000	1.106105	1.783371	57.957746	36.945813	
3.633160	1.118209	0.500000	1.136742	0.954669	55.985915	60.098522	
3.397606	1.002623	0.500000	1.067436	1.325812	58.239437	45.320197	
3.476507	1.088396	0.500000	1.045307	1.280290	58.169014	55.665025	
3.306835	1.036963	0.500000	1.017201	1.302084	62.394366	51.724138	
3.313340	1.020810	0.500000	0.966715	0.994034	62.394366	56.650246	
3.472422	1.025310	0.500000	0.988056	1.396314	62.816901	43.349754	
3.193830	0.999022	0.500000	1.003690	1.174038	60.774648	46.798030	
3.183192	1.026353	0.500000	0.973637	1.316670	62.183099	48.768473	
3.378849	0.982727	0.500000	0.978914	0.925689	64.014084	60.098522	
3.492588	1.015919	0.500000	0.948422	0.949916	62.887324	59.113300	
3.497766	1.040947	0.500000	0.907942	4.046015	65.492958	25.123153	
3.267680	1.025414	0.500000	0.869778	1.587029	67.816901	39.408867	
3.328414	1.021829	0.500000	0.882303	1.058331	66.549296	57.142857	
3.328059	0.978715	0.500000	0.887044	1.896837	67.746479	37.438424	
3.235685	1.132312	0.500000	0.941594	1.398123	65.070423	49.261084	
3.325231	1.012760	0.500000	0.898847	0.997959	65.704225	58.620690	
3.417173	1.032968	0.500000	0.912156	1.106601	65.915493	56.157635	
3.423739	1.088360	0.500000	0.864690	1.003737	67.253521	61.576355	
3.418939	1.127210	0.500000	0.825051	1.668002	69.295775	51.231527	
3.473777	1.081921	0.500000	0.906949	2.225443	66.549296	33.497537	
3.371897	1.024189	0.500000	0.849275	1.370553	68.661972	44.334975	
3.464654	1.006135	0.500000	0.803212	1.146816	70.000000	51.724138	
3.316892	1.022431	0.500000	0.786193	2.223119	70.140845	45.320197	
3.527117	1.049190	0.500000	0.801755	1.138352	68.943662	60.098522	
3.489205	0.995610	0.500000	0.790387	1.225753	70.211268	58.620690	
3.204134	0.994653	0.500000	0.791252	1.369482	69.718310	50.738916	
3.251137	1.051946	0.500000	0.813298	1.085973	70.774648	60.591133	
3.375023	1.137806	0.500000	0.781872	1.478609	70.563380	42.364532	
3.254602	1.051120	0.500000	0.754396	0.921434	72.535211	61.083744	
3.505123	0.986045	0.500000	0.755595	1.323347	72.676056	49.261084	
3.360029	1.022947	0.500000	0.827544	2.214100	69.718310	34.975369	
3.382041	1.137503	0.500000	0.765723	1.923211	71.619718	42.364532	
3.608951	1.004967	0.500000	0.766432	1.511291	72.183099	48.275862	
3.351035	1.079549	0.500000	0.746446	1.013090	71.971831	68.472906	
3.420406	1.089940	0.500000	0.748716	1.519866	73.802817	44.334975	
3.405680	1.056412	0.500000	0.730330	0.885840	73.802817	69.950739	
3.396513	1.026440	0.500000	0.729104	1.241699	74.014085	57.142857	
3.422511	1.116854	0.500000	0.727099	1.122954	72.676056	53.201970	
3.464593	1.028300	0.500000	0.761108	1.312329	72.605634	58.620690	
3.584874	1.015832	0.500000	0.697575	1.178833	73.732394	61.083744	
3.214774	0.975426	0.500000	0.679365	1.400019	75.422535	62.561576	
3.444488	1.037939	0.500000	0.717993	1.121052	73.098592	60.591133	
3.459560	1.038611	0.500000	0.710794	1.758729	74.154930	57.142857	
3.435578	1.055049	0.500000	0.700952	1.237209	73.309859	57.142857	
3.420560	1.020565	0.500000	0.704047	1.309298	74.577465	58.620690	
3.213615	1.124401	0.500000	0.680824	0.831911	74.929577	66.995074	
3.410769	1.004382	0.500000	0.670964	0.784411	75.422535	70.935961	
3.401622	1.028243	0.500000	0.713227	1.215967	74.788732	62.561576	
3.515806	1.066936	0.500000	0.724558	1.643085	74.014085	53.694581	
3.309228	1.031713	0.500000	0.694897	1.415857	74.647887	56.157636	
3.254690	1.026171	0.500000	0.727405	0.794407	74.014084	70.935961	
3.515949	1.128948	0.500000	0.666042	0.955086	74.788732	66.995074	
3.469606	1.014799	0.500000	0.651106	1.800626	75.211268	42.857143	
3.558176	1.021248	0.500000	0.646373	1.386417	76.760563	57.142857	
3.882639	1.083765	0.500000	0.716107	1.175171	73.661972	56.650246	
3.464599	1.056743	0.500000	0.620120	0.929913	75.352113	65.517241	
3.528213	1.044824	0.500000	0.673296	1.102587	76.267606	63.054187	
3.359842	0.993452	0.500000	0.697578	0.984011	74.507042	65.517241	
3.134482	0.997921	0.500000	0.656021	0.840293	75.070422	71.921182	
3.185377	1.000065	0.500000	0.696165	1.228190	74.366197	53.694581	
3.220663	1.006671	0.500000	0.677272	1.070941	75.563380	59.605911	
3.192387	0.986279	0.500000	0.643642	1.512038	75.352113	45.320197	
3.199703	1.012482	0.500000	0.637592	1.247181	77.253521	58.620690	
3.252768	1.056961	0.500000	0.646837	1.356944	76.408451	57.635468	
3.201753	1.111652	0.500000	0.651300	1.534378	76.901408	51.724138	
3.123061	0.992162	0.500000	0.623861	1.027332	76.197183	60.591133	
3.171006	1.001977	0.500000	0.613325	1.063750	77.535211	59.605911	
3.114861	0.997803	0.500000	0.612397	0.782491	77.676056	67.980296	
3.181328	1.111174	0.500000	0.593826	0.941738	78.732394	65.517241	
3.592774	1.030302	0.500000	0.594267	0.896770	77.676056	69.950739	
3.477391	1.129802	0.500000	0.619460	1.217267	78.732394	60.098522	
3.642383	1.070589	0.500000	0.630316	1.115998	76.267606	59.605911	
3.252809	1.029518	0.500000	0.602481	1.751779	78.802817	53.694581	
3.184942	0.999379	0.500000	0.612866	1.787859	78.028169	48.768473	
3.162086	1.071046	0.500000	0.654518	0.818060	75.845070	71.428572	
3.648933	1.006489	0.500000	0.625820	1.311925	76.971831	59.113301	
3.149315	0.992355	0.500000	0.620853	1.002071	77.676056	64.039409	
3.190201	1.021867	0.500000	0.600449	1.654084	77.605634	49.753695	
3.251572	0.981028	0.500000	0.604522	1.091125	77.183099	66.502463	
3.126685	1.002576	0.500000	0.574422	1.109864	79.788732	62.068965	
3.218895	1.036766	0.500000	0.596185	1.383642	78.028169	62.561576	
3.341857	1.030631	0.500000	0.547657	0.610542	80.211268	77.339901	
3.276942	0.982488	0.500000	0.588012	1.571609	78.873239	48.275862	
3.143783	1.001495	0.500000	0.610868	1.478088	78.098592	57.635468	
3.174640	0.972567	0.500000	0.574949	1.415403	80.633803	54.679803	
3.290178	1.012866	0.500000	0.576208	0.873944	78.873239	66.502463	
3.233799	1.103108	0.500000	0.579999	0.926670	78.873239	67.487685	
3.203677	1.113277	0.500000	0.578540	1.701733	78.661972	57.635468	
3.247274	1.002445	0.500000	0.636986	3.084545	75.845070	53.694581	
3.408380	1.002047	0.500000	0.645254	6.324224	75.845070	20.689655	
3.310398	1.033893	0.500000	0.565546	0.850386	79.788732	67.487685	
3.247282	1.013347	0.500000	0.568349	1.210729	79.929577	56.650246	
3.226511	1.052766	0.500000	0.516658	0.749215	81.267606	68.965517	
3.434495	1.064339	0.500000	0.558918	1.143346	79.295775	55.172414	
3.337577	0.998697	0.500000	0.535682	1.854320	80.000000	53.201971	
3.361453	1.035404	0.500000	0.572691	1.170263	79.014085	58.128079	
3.249303	1.052466	0.500000	0.530120	2.941342	81.478873	39.408867	
3.346046	1.043604	0.500000	0.613723	1.162497	78.943662	66.995074	
3.665817	1.024780	0.500000	0.550330	2.591326	79.014084	54.187192	
3.240159	1.002186	0.500000	0.775621	2.685429	72.535211	48.275862	
3.358037	1.012601	0.500000	0.678648	1.533745	75.492958	50.738916	
3.333353	1.026983	0.500000	0.639834	1.512118	75.492958	53.694581	
3.332685	1.025896	0.500000	0.614117	1.061954	77.323944	66.502463	
3.413069	1.013775	0.500000	0.628497	1.315403	77.112676	59.113300	
3.369190	0.967984	0.500000	0.583885	1.329081	77.957746	63.054187	
3.467783	1.040172	0.500000	0.562020	1.292492	78.943662	69.950739	
3.316246	1.016296	0.500000	0.550277	1.272547	79.577465	57.142857	
3.380610	1.004367	0.500000	0.528143	0.986181	80.563380	66.995074	
3.359169	1.034442	0.050000	0.534358	0.612177	81.690141	78.325123	
3.408328	1.113325	0.050000	0.447197	0.585426	83.802817	79.310345	
3.505024	1.019533	0.050000	0.422534	0.628786	84.859155	76.354680	
3.333502	1.016279	0.050000	0.442910	0.618337	84.436620	76.847291	
3.453110	0.994259	0.050000	0.427334	0.595136	85.352113	76.847291	
3.412925	1.005042	0.050000	0.407286	0.606365	85.352113	75.369458	
3.405077	1.037553	0.050000	0.391964	0.623525	85.845070	77.339902	
3.392610	0.982826	0.050000	0.382402	0.612098	86.478873	77.339902	
3.234226	1.028239	0.050000	0.397129	0.592990	85.492958	78.325123	
3.538313	1.070943	0.050000	0.395897	0.548016	85.915493	78.325123	
3.498422	1.031880	0.050000	0.371175	0.534038	86.549296	80.295567	
3.304880	1.048412	0.050000	0.364338	0.580330	87.183099	79.802956	
3.311061	1.032580	0.050000	0.377996	0.552217	86.126761	79.310345	
3.207802	1.042228	0.050000	0.373111	0.531876	87.112676	80.788177	
3.536268	1.049941	0.050000	0.360469	0.533681	86.408451	80.295566	
3.371838	1.083775	0.050000	0.367973	0.571803	86.338028	80.295567	
3.345624	1.201852	0.050000	0.352209	0.513034	88.098592	82.758621	
3.218122	1.090681	0.050000	0.350596	0.544919	87.253521	80.788177	
3.471978	1.067803	0.050000	0.369867	0.535034	86.690141	81.280788	
3.293624	1.080850	0.050000	0.378862	0.548649	86.901408	79.802956	
3.445629	1.068470	0.050000	0.358517	0.568380	87.394366	81.280788	
3.474591	1.066898	0.050000	0.331470	0.567314	89.014085	80.295567	
3.459028	1.123293	0.050000	0.349854	0.571455	87.042254	80.295567	
3.360811	1.011817	0.050000	0.347422	0.591019	88.239437	79.310345	
3.421894	1.055382	0.050000	0.348916	0.564203	87.535211	81.773399	
3.537480	1.038081	0.050000	0.340554	0.594479	86.760563	80.295567	
3.303727	1.103675	0.050000	0.342914	0.536115	88.098592	82.266010	
3.327564	0.989241	0.050000	0.358273	0.527846	86.690141	81.280788	
3.357649	1.098895	0.050000	0.343887	0.511688	87.746479	84.236453	
3.396445	1.038522	0.050000	0.316809	0.534108	88.732394	83.251231	
3.429353	0.990260	0.050000	0.349370	0.540319	87.253521	81.773399	
3.179461	0.990774	0.050000	0.342264	0.497321	87.887324	82.266010	
3.237012	1.007966	0.050000	0.328299	0.509005	88.450704	81.773399	
3.251615	1.147078	0.050000	0.321272	0.544004	88.802817	80.788177	
3.273421	1.033309	0.050000	0.324043	0.587952	88.661972	79.802956	
3.524752	1.000781	0.050000	0.331234	0.521899	88.521127	79.802956	
3.565881	1.034706	0.050000	0.335367	0.559889	88.450704	79.802956	
3.171289	1.051813	0.050000	0.324755	0.592839	89.084507	78.817734	
3.547828	1.053944	0.050000	0.341854	0.533415	87.887324	79.310345	
3.584721	1.096798	0.050000	0.314022	0.504342	88.661972	83.743842	
3.483654	1.066963	0.050000	0.324759	0.541466	89.014085	82.266010	
3.111493	1.080436	0.050000	0.327955	0.546802	87.676056	80.788177	
3.155878	1.011352	0.050000	0.315886	0.543229	88.450704	77.339901	
3.172830	0.997067	0.050000	0.305491	0.586905	88.943662	79.310345	
3.228715	0.995858	0.050000	0.340805	0.515266	87.323944	81.773399	
3.265843	0.986691	0.050000	0.312905	0.550029	88.943662	80.788177	
3.329699	1.012035	0.050000	0.312498	0.531999	89.154930	81.773399	
3.179319	1.010035	0.050000	0.306514	0.543313	89.507042	80.295567	
3.440248	1.087806	0.050000	0.306994	0.605658	89.647887	78.325123	
3.385253	1.042521	0.050000	0.298384	0.525685	89.014085	82.266010	
3.502621	1.049575	0.050000	0.309966	0.577384	88.591549	79.802956	
3.525728	0.996181	0.050000	0.309458	0.549598	88.732394	78.817734	
3.287830	1.118321	0.050000	0.314810	0.594192	89.014085	79.802956	
3.440078	1.044589	0.050000	0.316480	0.543249	89.718310	80.788177	
3.382244	1.086969	0.050000	0.306979	0.528817	89.859155	80.788177	
3.502488	1.041072	0.050000	0.305895	0.538518	89.295775	81.280788	
3.370783	0.999026	0.050000	0.311972	0.620914	88.873239	74.876847	
3.183714	0.962670	0.050000	0.295340	0.558071	89.929577	79.310345	
3.240838	1.028814	0.050000	0.289944	0.526528	89.507042	81.280788	
3.352793	0.999110	0.050000	0.308150	0.507378	88.943662	83.743842	
3.457053	1.047586	0.005000	0.281756	0.492203	89.859155	82.758621	
3.568671	1.009286	0.005000	0.295726	0.509852	89.154930	80.788177	
3.256893	1.023814	0.005000	0.315167	0.506713	88.873239	83.743842	
3.206323	1.006845	0.005000	0.290287	0.523346	89.507042	80.788177	
3.418857	0.997405	0.005000	0.280005	0.528548	90.845070	79.802956	
3.312111	1.016872	0.005000	0.303192	0.532878	89.225352	80.295567	
3.128881	1.034456	0.005000	0.297040	0.549159	89.507042	79.802956	
3.538697	1.129256	0.005000	0.284246	0.541891	90.140845	81.280788	
3.335222	1.022621	0.005000	0.284331	0.546804	89.154930	80.295567	
3.255197	1.004608	0.005000	0.287850	0.543182	90.774648	79.802956	
3.372391	1.030737	0.005000	0.283684	0.539049	89.577465	81.280788	
3.463286	1.075716	0.005000	0.273503	0.536662	90.281690	80.788177	
3.414873	1.114429	0.005000	0.290774	0.534084	90.281690	80.788177	
3.391022	1.096169	0.005000	0.277897	0.536519	89.788732	80.295567	
3.448368	1.090424	0.005000	0.271496	0.531280	89.436620	80.788177	
3.385929	1.045241	0.005000	0.277762	0.526682	90.070423	81.280788	
3.254472	1.017994	0.005000	0.293285	0.524586	89.507042	80.295567	
3.437317	1.030386	0.005000	0.278390	0.514506	90.704225	81.773399	
3.467096	1.018312	0.005000	0.294362	0.506056	88.802817	82.266010	
3.365572	1.085525	0.005000	0.285256	0.514951	90.563380	83.743842	
3.463287	1.034775	0.005000	0.280509	0.520566	89.577465	81.773399	
3.363236	1.078496	0.005000	0.288718	0.531821	88.873239	81.280788	
3.428503	1.032636	0.005000	0.284494	0.539884	89.295775	80.295567	
3.332379	1.157916	0.005000	0.279809	0.535426	90.281690	80.788177	
3.286811	1.011799	0.005000	0.276064	0.530488	90.774648	81.280788	
3.384395	1.049041	0.005000	0.283299	0.524589	89.859155	82.266010	
3.395493	0.982227	0.005000	0.267263	0.525024	90.492958	80.295567	
3.532592	0.984363	0.005000	0.251690	0.522446	91.056338	80.788177	
3.305060	1.049160	0.005000	0.259461	0.517273	91.549296	80.295567	
3.192506	1.100459	0.005000	0.271825	0.528640	90.492958	82.266010	
3.437919	1.053666	0.005000	0.263407	0.530384	90.774648	81.773399	
3.474095	1.086971	0.005000	0.258611	0.528347	90.985915	79.310345	
3.413517	1.050931	0.005000	0.277187	0.520514	90.422535	82.266010	
3.464710	1.164047	0.005000	0.271072	0.537708	90.422535	80.295567	
3.160213	1.014614	0.005000	0.250598	0.536345	91.338028	81.773399	
3.362157	1.031966	0.005000	0.269272	0.538207	90.985915	80.788177	
3.215873	1.015906	0.005000	0.267931	0.530338	90.070423	80.788177	
3.414751	1.109586	0.005000	0.277885	0.519365	89.647887	80.295567	
3.501894	1.046226	0.005000	0.271228	0.533118	90.211268	80.295567	
3.338934	1.009450	0.005000	0.277941	0.535866	89.929577	80.295567	
3.335185	0.995327	0.005000	0.278150	0.539144	90.352113	79.310345	
3.259229	1.002334	0.005000	0.268005	0.545735	90.140845	79.310345	
3.172406	1.011253	0.005000	0.261611	0.533579	90.281690	80.788177	
3.234700	1.018300	0.005000	0.277735	0.526917	90.422535	81.280788	
3.385181	1.126148	0.005000	0.271950	0.530117	90.140845	80.295567	
3.317701	1.037379	0.005000	0.268601	0.531875	90.915493	81.280788	
3.596412	1.214446	0.005000	0.269940	0.530896	91.197183	80.788177	
3.614579	1.060012	0.005000	0.276243	0.518433	89.718310	81.280788	
3.265525	1.008662	0.005000	0.264734	0.529090	90.352113	79.802956	
3.503639	1.040544	0.005000	0.277020	0.522268	90.422535	81.280788	
3.434786	1.003284	0.005000	0.286182	0.524324	90.140845	81.280788	
3.371462	1.032793	0.005000	0.266776	0.520978	90.633803	80.788177	
3.411743	1.128640	0.005000	0.284166	0.526457	89.788732	79.802956	
3.457189	1.040529	0.005000	0.276284	0.530617	90.070423	79.802956	
3.293698	0.991235	0.005000	0.271715	0.528062	90.422535	80.788177	
3.157139	0.970049	0.005000	0.271839	0.539398	90.211268	80.295567	
3.226806	1.041191	0.005000	0.281941	0.536146	89.577465	80.295567	
3.201467	1.077302	0.005000	0.258375	0.529276	90.845070	81.280788	
3.518254	1.024390	0.005000	0.281323	0.531841	90.211268	80.295567	
